[1970.         1970.         1970.         1970.         1970.
 1970.         1970.         1970.         1970.         1970.
 1970.         1969.36914062 1969.75708008 1969.49279785 1970.09716797
 1970.45776367 1972.00952148 1971.2869873  1972.44262695 1970.44946289
 1973.62854004 1972.18920898 1973.10961914 1973.04089355 1974.27429199
 1974.14868164 1973.89282227 1973.44592285 1972.98217773 1973.12939453
 1973.63696289 1973.07214355 1973.01586914 1972.99304199 1972.40075684
 1972.83483887 1972.77893066 1972.48022461 1972.25927734 1971.7019043
 1971.71765137 1974.10693359 1972.23571777 1971.41333008 1972.06005859
 1972.87524414 1971.90454102 1971.96044922 1972.35522461 1973.34313965
 1973.16381836 1972.60644531 1972.95495605 1972.23364258 1973.52709961
 1973.68994141 1974.27575684 1973.9354248  1973.28845215 1973.4342041
 1973.97460938 1972.93969727 1974.68688965 1974.74401855 1975.03747559
 1973.65563965 1975.67480469 1974.77416992 1976.10705566 1974.31469727
 1974.66748047 1976.53845215 1977.45910645 1976.57592773 1976.5567627
 1975.74987793 1975.1439209  1975.4621582  1975.13989258 1973.84375
 1974.81494141 1974.2779541  1977.12841797 1978.19152832 1977.99414062
 1976.39990234 1977.2902832  1979.78405762 1980.24157715 1980.47753906
 1981.03430176 1980.23681641 1981.46496582 1981.07824707 1981.98413086
 1982.9609375  1982.91101074 1982.16967773 1982.60180664 1982.52941895
 1983.0480957  1983.96325684 1982.72485352 1983.17919922 1984.09851074
 1983.16906738 1983.02038574 1982.44384766 1982.03320312 1981.63623047
 1981.61950684 1980.12512207 1981.45495605 1981.36828613 1982.40722656
 1981.89294434 1983.16503906 1982.35986328 1980.52734375 1979.40307617
 1979.95495605 1980.31604004 1979.65258789 1978.66235352 1977.46765137
 1976.35119629 1975.14526367 1973.90380859 1975.15820312 1972.58459473
 1973.69580078 1975.37768555 1975.1809082  1973.9876709  1974.98364258
 1976.01794434 1975.5546875  1975.66101074 1975.30175781 1975.14941406
 1975.91674805 1977.52148438 1977.625      1975.90734863 1977.83972168
 1977.54785156 1977.97265625 1977.75683594 1978.32519531 1977.92041016
 1978.37341309 1978.91882324 1978.18481445 1977.11035156 1973.90612793
 1974.05664062 1974.06604004 1973.74694824 1974.10009766 1972.13061523
 1969.54125977 1971.10693359 1969.62768555 1968.66186523 1970.97021484
 1969.61315918 1969.19885254 1967.92980957 1966.8972168  1967.73034668
 1967.16943359 1965.96716309 1962.79309082 1964.33740234 1964.84570312
 1962.64880371 1964.0994873  1963.63891602 1964.90734863 1963.79187012
 1964.66503906 1966.15734863 1966.8527832  1967.40539551 1967.37329102
 1967.65161133 1967.38256836 1965.46643066 1964.61877441 1964.96875
 1965.97753906 1966.94335938 1967.25842285 1967.37548828 1967.49890137
 1968.51660156 1968.80078125 1969.97619629 1969.12060547 1972.67199707
 1972.9128418  1970.21655273 1971.48364258 1970.63684082 1971.29504395
 1970.70947266 1971.34228516 1972.03295898 1971.21716309 1973.14331055
 1973.51599121 1973.09594727 1973.73718262 1976.36193848 1976.2857666
 1976.58825684 1977.34899902 1978.27185059 1977.00939941 1978.17895508
 1978.64733887 1977.43164062 1978.21337891 1977.96276855 1977.76501465
 1979.11535645 1980.20812988 1979.91125488 1979.55444336 1979.61022949
 1979.95495605 1979.98376465 1979.71594238 1982.55871582 1981.32727051
 1981.8894043  1982.0958252  1982.12414551 1984.42480469 1983.93774414
 1984.96972656 1985.62231445 1985.79882812 1985.65063477 1985.2734375
 1985.17553711 1984.0378418  1983.90283203 1984.59179688 1983.50390625
 1981.40759277 1982.67028809 1981.07983398 1979.17663574 1979.20507812
 1978.83435059 1979.1340332  1978.30187988 1980.48388672 1980.1463623
 1977.80297852 1977.53015137 1978.04064941 1979.86450195 1975.23815918
 1980.0534668  1977.32678223 1976.05212402 1972.0279541  1969.80908203
 1972.03283691 1970.86535645 1969.79467773 1969.42175293 1969.7980957
 1968.63183594 1968.41394043 1969.58850098 1971.1607666  1971.77368164
 1972.54931641 1972.71130371 1971.87695312 1972.8359375  1972.98522949
 1972.16040039 1972.62194824 1972.36254883 1971.46447754 1972.04333496
 1971.45874023 1972.60314941 1971.1895752  1973.44970703 1972.01184082
 1971.33605957 1971.79138184 1971.71105957 1970.79931641 1970.02124023
 1968.91003418 1969.73535156 1968.14953613 1969.59155273 1967.42346191
 1963.41247559 1965.71972656 1961.42724609 1964.14147949 1963.08325195
 1963.98950195 1962.98291016 1964.83496094 1964.58996582 1963.3248291
 1965.8425293  1964.95776367 1964.64294434 1964.20043945 1965.93188477
 1963.76367188 1963.28039551 1962.64416504 1960.53271484 1960.00866699
 1960.69226074 1959.86047363 1959.4855957  1958.3885498  1958.07543945
 1957.51452637 1956.61547852 1956.32312012 1955.85412598 1956.47827148
 1956.18518066 1956.57128906 1958.38916016 1958.69750977 1957.54956055
 1958.16845703 1958.37915039 1958.49804688 1958.42272949 1958.38549805
 1958.10644531 1958.76196289 1960.03625488 1959.98205566 1960.43603516
 1960.58557129 1959.08642578 1959.75427246 1960.8984375  1958.76574707
 1959.12609863 1958.26403809 1958.01745605 1958.28881836 1959.52514648
 1958.99023438 1958.57348633 1956.36108398 1958.11706543 1960.86621094
 1959.66125488 1959.5357666  1958.99304199 1960.57727051 1960.90808105
 1961.87731934 1962.37756348 1962.07470703 1958.44091797 1959.56469727
 1958.00390625 1958.83947754 1958.35253906 1958.49926758 1958.31225586
 1957.92944336 1956.79003906 1956.87927246 1956.70751953 1958.42871094
 1957.33898926 1957.07507324 1956.85681152 1957.95959473 1959.28735352
 1958.65234375 1959.21337891 1959.13293457 1958.23742676 1959.5793457
 1957.93322754 1958.49841309 1959.15661621 1958.46459961 1958.37304688
 1957.56835938 1955.78674316 1954.36437988 1955.12658691 1951.92663574
 1950.62915039 1948.77966309 1948.89489746 1948.24487305 1948.42297363
 1946.58105469 1942.98413086 1944.08764648 1944.1373291  1939.40710449
 1942.69750977 1941.18762207 1943.70043945 1945.63745117 1944.89660645
 1946.89465332 1949.04931641 1950.43896484 1946.12634277 1948.52661133
 1947.59143066 1948.47692871 1950.48950195 1949.91455078 1949.79956055
 1951.23815918 1949.78173828 1949.99731445 1948.85888672 1948.92858887
 1949.03344727 1948.41210938 1948.48681641 1947.78845215 1947.39562988
 1947.63525391 1949.49926758 1947.86499023 1950.49975586 1948.70935059
 1948.79455566 1949.2878418  1948.79638672 1948.54040527 1948.62463379
 1949.43664551 1948.47631836 1948.75866699 1948.46948242 1948.80883789
 1947.78881836 1948.06298828 1947.20422363 1947.31774902 1946.91259766
 1947.43237305 1948.01794434 1947.61975098 1947.33129883 1947.33447266
 1947.06860352 1948.69018555 1948.96081543 1948.72729492 1948.85375977
 1949.78234863 1948.27734375 1948.4831543  1948.06555176 1948.00036621
 1947.89709473 1946.55285645 1948.39855957 1949.78540039 1949.7121582
 1949.00280762 1950.00634766 1950.36657715 1949.72424316 1950.90234375
 1951.15466309 1951.65246582 1951.43286133 1951.70959473 1953.69799805
 1952.50073242 1953.02575684 1953.35803223 1952.95532227 1952.96862793
 1952.73522949 1952.6048584  1952.89477539 1953.75341797 1955.89038086
 1956.13415527 1954.65112305 1955.06054688 1954.00415039 1955.42431641
 1954.43701172 1953.59985352 1952.32495117 1952.53015137 1952.28259277
 1951.53198242 1951.34350586 1951.27697754 1949.57873535 1950.5612793
 1949.51721191 1950.51379395 1950.50622559 1950.3572998  1951.96765137
 1952.08654785 1948.65112305 1949.22412109 1948.08642578 1951.78686523
 1948.75854492 1949.65185547 1949.06994629 1949.95629883 1949.32092285
 1949.11975098 1949.63684082 1950.65368652 1951.44628906 1952.36633301
 1951.67346191 1951.53991699 1951.9095459  1951.69543457 1951.09924316
 1951.95617676 1951.84155273 1952.76123047 1953.43664551 1952.40185547
 1951.91003418 1952.00231934 1950.64831543 1949.38110352 1949.49035645
 1949.99035645 1951.22497559 1950.40893555 1949.9128418  1950.70263672
 1952.50378418 1951.56164551 1950.91308594 1952.41467285 1952.57763672
 1950.5345459  1950.68835449 1949.90759277 1948.83984375 1945.85144043
 1946.38964844 1947.44714355 1948.0423584  1947.39318848 1947.35351562
 1947.9473877  1948.03137207 1947.8581543  1944.46374512 1943.07910156
 1945.59802246 1948.96472168 1949.20825195 1948.67944336 1947.65112305
 1948.2701416  1947.07275391 1948.58422852 1948.27880859 1948.25878906
 1946.65234375 1946.37145996 1946.54492188 1944.60644531 1942.2779541
 1944.25280762 1944.17797852 1946.6328125  1946.76208496 1949.10864258
 1948.64672852 1949.06994629 1950.35461426 1950.20727539 1947.67236328
 1948.38024902 1946.80859375 1945.11755371 1947.19897461 1946.1940918
 1946.0345459  1945.72900391 1945.27233887 1946.35144043 1945.12915039
 1945.7088623  1945.42773438 1945.17919922 1944.76525879 1946.97009277
 1946.32373047 1945.46154785 1945.12475586 1946.82800293 1947.26977539
 1947.82556152 1947.04431152 1947.06652832 1947.1784668  1946.48913574
 1946.28112793 1945.91711426 1945.24743652 1946.60339355 1948.18249512
 1948.67211914 1948.8190918  1949.15209961 1948.50195312 1947.90380859
 1948.53710938 1946.92260742 1948.39953613 1947.19775391 1947.36291504
 1945.63098145 1947.26525879 1946.47973633 1945.0904541  1946.70678711
 1945.76245117 1947.79772949 1947.38305664 1948.0201416  1946.52832031
 1947.04333496 1946.89221191 1946.92919922 1950.48156738 1951.37915039
 1951.80505371 1954.69763184 1955.20288086 1955.13684082 1955.31311035
 1955.42675781 1955.53466797 1956.46801758 1955.23718262 1955.03417969
 1954.34790039 1953.1060791  1954.8840332  1955.18408203 1955.30883789
 1955.36657715 1955.90490723 1956.2253418  1955.22998047 1954.28686523
 1954.40234375 1955.18371582 1957.06604004 1957.20166016 1957.95385742
 1957.21252441 1957.47106934 1956.6628418  1956.5345459  1957.93164062
 1957.92773438 1958.34570312 1959.09362793 1958.97155762 1959.14978027
 1959.50292969 1958.19934082 1958.82055664 1960.63256836 1958.74182129
 1958.96142578 1959.9753418  1960.92175293 1961.48706055 1961.87341309
 1961.46411133 1959.89733887 1960.59399414 1960.78344727 1960.46240234
 1959.55541992 1960.45227051 1961.32531738 1962.3125     1962.50830078
 1962.87060547 1962.45898438 1962.45751953 1963.21325684 1961.99377441
 1960.02490234 1961.38305664 1961.61376953 1960.98474121 1961.14135742
 1961.12341309 1961.16345215 1962.2154541  1963.51013184 1965.80615234
 1965.01367188 1966.15881348 1964.79675293 1965.53503418 1965.48571777
 1963.82958984 1963.94116211 1963.23974609 1963.96740723 1964.54431152
 1962.8996582  1962.47729492 1964.44494629 1963.06970215 1962.65551758
 1964.33911133 1964.07800293 1961.55114746 1961.11914062 1961.53295898
 1960.91992188 1957.43237305 1957.26794434 1955.89575195 1956.85107422
 1956.27124023 1957.65795898 1957.1776123  1955.43310547 1955.64428711
 1956.88366699 1956.8347168  1959.68713379 1960.99584961 1960.92163086
 1960.88171387 1961.78186035 1962.07348633 1962.83898926 1962.92224121
 1962.99890137 1963.79394531 1963.75524902 1962.9317627  1962.74963379
 1963.42980957 1964.50134277 1965.02160645 1968.9420166  1967.41162109
 1967.60327148 1967.8651123  1968.68713379 1968.8671875  1969.04699707
 1972.0637207  1971.97192383 1971.67333984 1971.6003418  1972.921875
 1972.88916016 1972.8137207  1972.58996582 1971.08300781 1971.58215332
 1970.11938477 1970.26074219 1970.76831055 1969.95275879 1970.44226074
 1970.39660645 1970.73181152 1971.23815918 1970.89428711 1970.55871582
 1970.30175781 1968.49523926 1968.24804688 1968.23034668 1968.33361816
 1967.89782715 1968.37084961 1968.31835938 1967.83496094 1968.35656738
 1969.04919434 1966.55712891 1966.99304199 1964.12963867 1962.60412598
 1963.35925293 1964.62561035 1965.87145996 1965.30810547 1967.21936035
 1966.75366211 1967.84375    1968.1472168  1967.44848633 1967.73913574
 1965.90612793 1966.74169922 1963.81384277 1963.18896484 1964.7043457
 1967.25085449 1968.43603516 1968.54199219 1967.74707031 1967.39526367
 1967.3416748  1967.68481445 1967.01818848 1967.82104492 1968.52685547
 1967.89233398 1967.98168945 1969.06323242 1968.50317383 1969.91333008
 1970.0645752  1970.50964355 1971.07458496 1971.15734863 1971.27807617
 1971.56079102 1970.27258301 1970.26501465 1970.94543457 1971.29150391
 1971.3293457  1971.15039062 1971.12390137 1970.36364746 1970.62780762
 1969.94494629 1968.74450684 1967.85046387 1967.42724609 1968.94311523
 1966.58544922 1967.56848145 1967.50170898 1967.96350098 1968.57165527
 1967.50317383 1965.56286621 1965.41955566 1964.83496094 1963.48376465
 1963.03051758 1962.71801758 1962.71337891 1961.39135742 1962.39733887
 1962.96191406 1962.4699707  1961.2442627  1961.70532227 1962.07885742
 1961.97875977 1962.90100098 1962.99645996 1962.6229248  1965.61462402
 1965.42114258 1964.65930176 1965.74438477 1967.0447998  1966.27490234
 1966.60925293 1965.30407715 1965.50476074 1964.18005371 1966.26831055
 1966.28637695 1967.34155273 1967.62915039 1967.42944336 1967.54956055
 1967.02783203 1965.8392334  1965.2923584  1965.69628906 1967.33850098
 1965.56896973 1966.25354004 1966.47338867 1966.20739746 1966.37194824
 1966.39367676 1966.30737305 1966.55456543 1963.76452637 1961.99768066
 1963.77978516 1963.84313965 1963.45068359 1963.29418945 1962.84436035
 1963.01391602 1963.41345215 1963.9855957  1964.70300293 1965.30273438
 1965.22119141 1965.01403809 1966.34875488 1966.37463379 1965.49450684
 1967.79394531 1967.5279541  1967.65905762 1966.54309082 1967.78417969
 1968.21325684 1968.14794922 1968.21826172 1967.80664062 1969.03564453
 1969.03527832 1968.54931641 1967.83032227 1969.89172363 1970.72155762
 1970.59741211 1971.19750977 1973.35498047 1972.51184082 1971.84875488
 1970.65734863 1970.20825195 1971.12121582 1971.39880371 1971.92358398
 1972.62109375 1972.50695801 1972.38684082 1972.19470215 1972.59790039
 1969.78649902 1971.09570312 1973.25952148 1973.34179688 1974.67883301
 1975.09130859 1973.6907959  1972.58483887 1972.40087891 1972.3359375
 1973.74841309 1973.57226562 1973.11303711 1973.04455566 1972.88037109
 1973.94543457 1973.16162109 1973.4954834  1973.41430664 1972.6809082
 1972.54833984 1971.79174805 1971.73181152 1971.77282715 1970.77441406
 1969.57116699 1968.1204834  1968.33105469 1967.88378906 1963.32458496
 1966.74694824 1966.74523926 1967.54638672 1968.359375   1968.78625488]